PS C:\Users\77559\Desktop\rs485_te_ws> cd .\src\
PS C:\Users\77559\Desktop\rs485_te_ws\src> cd .\teleop\
PS C:\Users\77559\Desktop\rs485_te_ws\src\teleop> conda run -n teleop python tools/calib_finger_curve.py --port COM6 --slave 1
>> 
opened COM6 slave 1  speed=300 force=300  step=100 dwell=1.2s
ground-truth pinch : thumb_opp=670  thumb_flex=679  index=869  (others 0)
sim contact (model): thumb_flex~344  index~438  (model reaches contact here -> the ~2x gap)

=== sweep thumb_opp (reg0); others held at 0 ===
target  | motor_pos[0..5]        | joint_angle_deg[0..9]
--------------------------------------------------------------------------------------------
0       | [0, 0, 0, 0, 0, 0]     | [994.8, 945.4, 726.0, 953.5, 727.0, 1065.5, 917.6, 1002.7, 858.8, 884.8]
100     | [100, 0, 0, 0, 0, 0]   | [994.9, 945.4, 726.0, 953.5, 727.0, 1065.6, 917.6, 1002.7, 858.8, 884.8]
200     | [200, 0, 0, 0, 0, 0]   | [994.9, 945.4, 726.0, 953.5, 727.0, 1065.6, 917.6, 1002.7, 858.8, 884.8]
300     | [300, 0, 0, 0, 0, 0]   | [994.9, 945.3, 726.0, 953.5, 727.0, 1065.6, 917.6, 1002.8, 858.8, 884.8]
400     | [400, 0, 0, 0, 0, 0]   | [995.0, 945.3, 726.0, 953.5, 727.0, 1065.6, 917.6, 1002.7, 858.8, 884.8]
500     | [500, 0, 0, 0, 0, 0]   | [995.0, 945.2, 726.0, 953.5, 727.0, 1065.5, 917.6, 1002.7, 858.8, 884.8]
600     | [600, 0, 0, 0, 0, 0]   | [995.1, 945.2, 726.0, 953.5, 727.0, 1065.6, 917.6, 1002.8, 858.8, 884.8]
700     | [700, 0, 0, 0, 0, 0]   | [995.1, 945.1, 726.0, 953.5, 727.0, 1065.6, 917.6, 1002.8, 858.8, 884.8]
800     | [800, 0, 0, 0, 0, 0]   | [995.1, 945.1, 726.0, 953.5, 727.0, 1065.6, 917.6, 1002.7, 858.8, 884.8]
900     | [900, 0, 0, 0, 0, 0]   | [995.0, 945.0, 726.0, 953.5, 727.0, 1065.6, 917.6, 1002.8, 858.8, 884.8]
1000    | [1000, 0, 0, 0, 0, 0]  | [995.2, 945.1, 726.0, 953.5, 727.0, 1065.6, 917.6, 1002.7, 858.8, 884.8]

=== sweep thumb_flex (reg1); others held at 0 ===
target  | motor_pos[0..5]        | joint_angle_deg[0..9]
--------------------------------------------------------------------------------------------
0       | [1, 0, 0, 0, 0, 0]     | [994.9, 945.3, 726.0, 953.6, 727.0, 1065.5, 917.6, 1002.7, 858.8, 884.8]
100     | [0, 100, 0, 0, 0, 0]   | [994.8, 945.4, 726.0, 953.5, 727.0, 1065.6, 917.6, 1002.7, 858.7, 884.8]
200     | [0, 200, 0, 0, 0, 0]   | [992.5, 952.6, 726.0, 953.5, 727.0, 1065.6, 917.6, 1002.7, 858.8, 884.8]
300     | [0, 300, 0, 0, 0, 0]   | [989.2, 978.3, 726.0, 953.5, 727.0, 1065.5, 917.6, 1002.6, 858.7, 884.8]
400     | [0, 400, 0, 0, 0, 0]   | [985.0, 1012.1, 726.0, 953.5, 727.0, 1065.6, 917.6, 1002.7, 858.8, 884.8]
500     | [0, 500, 0, 0, 0, 0]   | [979.0, 1036.2, 726.0, 953.5, 727.0, 1065.6, 917.6, 1002.7, 858.7, 884.8]
600     | [0, 600, 0, 0, 0, 0]   | [942.1, 1039.7, 726.0, 953.4, 727.1, 1065.5, 917.6, 1002.7, 858.8, 884.8]
700     | [0, 700, 0, 0, 0, 0]   | [922.9, 1041.5, 726.0, 953.4, 727.0, 1065.6, 917.6, 1002.6, 858.7, 884.8]
800     | [0, 800, 0, 0, 0, 0]   | [912.0, 1042.6, 726.0, 953.4, 727.0, 1065.5, 917.6, 1002.7, 858.7, 884.8]
900     | [0, 900, 0, 0, 0, 0]   | [904.5, 1043.2, 726.0, 953.5, 727.0, 1065.6, 917.6, 1002.7, 858.7, 884.8]
1000    | [0, 1000, 0, 0, 0, 0]  | [903.0, 1047.5, 726.0, 953.4, 727.0, 1065.5, 917.7, 1002.7, 858.7, 884.8]

=== sweep index (reg2); others held at 0 ===
target  | motor_pos[0..5]        | joint_angle_deg[0..9]
--------------------------------------------------------------------------------------------
0       | [0, 50, 0, 0, 0, 0]    | [994.2, 945.4, 726.0, 953.5, 727.0, 1065.6, 917.6, 1002.7, 858.7, 884.8]
100     | [0, 0, 100, 0, 0, 0]   | [995.0, 944.9, 726.0, 953.5, 727.0, 1065.5, 917.6, 1002.6, 858.7, 884.8]
200     | [0, 0, 200, 0, 0, 0]   | [994.8, 944.8, 726.0, 953.7, 727.0, 1065.5, 917.6, 1002.7, 858.7, 884.8]
300     | [0, 0, 300, 0, 0, 0]   | [994.8, 945.4, 725.8, 961.7, 727.0, 1065.5, 917.6, 1002.7, 858.7, 884.8]
400     | [0, 0, 400, 0, 0, 0]   | [994.9, 945.1, 725.7, 997.3, 727.0, 1065.5, 917.6, 1002.7, 858.7, 884.8]
500     | [0, 0, 500, 0, 0, 0]   | [995.1, 944.6, 725.4, 1030.0, 726.9, 1065.5, 917.6, 1002.7, 858.8, 884.8]
600     | [0, 0, 600, 0, 0, 0]   | [994.8, 945.1, 725.3, 1048.3, 726.9, 1065.5, 917.6, 1002.7, 858.8, 884.8]
700     | [0, 0, 700, 0, 0, 0]   | [994.8, 945.4, 725.1, 1059.2, 726.9, 1065.5, 917.6, 1002.7, 858.8, 884.8]
800     | [0, 0, 800, 0, 0, 0]   | [995.0, 944.7, 724.7, 1066.4, 726.9, 1065.5, 917.6, 1002.7, 858.8, 884.8]
900     | [0, 0, 900, 0, 0, 0]   | [994.8, 944.9, 724.0, 1071.3, 726.9, 1065.6, 917.6, 1002.7, 858.8, 884.8]
1000    | [0, 0, 1000, 0, 0, 0]  | [994.8, 945.4, 1075.4, 1072.3, 727.0, 1065.5, 917.6, 1002.7, 858.7, 884.8]

=== sweep middle (reg3); others held at 0 ===
target  | motor_pos[0..5]        | joint_angle_deg[0..9]
--------------------------------------------------------------------------------------------
0       | [0, 0, 146, 0, 0, 0]   | [994.9, 945.1, 725.9, 953.5, 727.0, 1065.5, 917.6, 1002.7, 858.7, 884.8]
100     | [0, 0, 0, 100, 0, 0]   | [994.9, 945.2, 726.0, 953.0, 727.0, 1065.6, 917.6, 1003.2, 858.8, 884.8]
200     | [0, 0, 0, 200, 0, 0]   | [995.0, 945.1, 725.9, 953.1, 726.5, 1070.2, 917.6, 1002.9, 858.9, 884.7]
300     | [0, 0, 0, 300, 0, 0]   | [994.8, 945.3, 725.9, 953.6, 726.3, 1075.1, 917.6, 1002.6, 858.7, 884.8]
400     | [0, 0, 0, 400, 0, 0]   | [994.8, 945.4, 725.9, 953.2, 726.3, 1079.8, 917.6, 1003.1, 858.8, 884.8]
500     | [0, 0, 0, 500, 0, 0]   | [995.0, 945.1, 725.8, 952.9, 725.6, 724.0, 917.7, 1003.3, 858.8, 884.8]
600     | [0, 0, 0, 600, 0, 0]   | [994.9, 945.2, 725.8, 953.4, 724.8, 728.4, 917.7, 1002.8, 858.8, 884.8]
700     | [0, 0, 0, 700, 0, 0]   | [994.8, 945.4, 725.9, 953.4, 723.6, 733.4, 917.7, 1003.0, 858.8, 884.8]
800     | [0, 0, 0, 800, 0, 0]   | [994.9, 945.3, 725.9, 952.9, 720.4, 738.6, 917.7, 1003.4, 858.8, 884.7]
900     | [0, 0, 0, 900, 0, 0]   | [995.0, 945.1, 725.9, 953.2, 1070.4, 740.2, 917.7, 1003.0, 858.8, 884.8]
1000    | [0, 0, 0, 1000, 0, 0]  | [994.9, 945.3, 725.9, 953.3, 1052.2, 740.3, 917.6, 1002.7, 858.7, 884.8]

=== sweep ring (reg4); others held at 0 ===
target  | motor_pos[0..5]        | joint_angle_deg[0..9]
--------------------------------------------------------------------------------------------
0       | [0, 0, 0, 131, 0, 0]   | [995.0, 945.2, 725.9, 953.2, 726.4, 1072.5, 917.6, 1003.0, 858.8, 884.8]
100     | [0, 0, 0, 0, 100, 0]   | [994.8, 945.5, 726.0, 953.7, 727.0, 1065.5, 917.5, 1003.7, 858.7, 884.9]
200     | [0, 0, 0, 0, 200, 0]   | [994.9, 945.4, 726.0, 953.5, 727.1, 1065.6, 917.7, 1030.6, 858.6, 884.8]
300     | [0, 0, 0, 0, 300, 0]   | [994.9, 945.3, 726.0, 953.4, 727.2, 1065.7, 918.0, 1050.0, 858.5, 884.8]
400     | [0, 0, 0, 0, 400, 0]   | [994.8, 945.5, 726.0, 953.6, 727.3, 1065.7, 918.1, 1061.3, 858.4, 884.9]
500     | [0, 0, 0, 0, 500, 0]   | [994.8, 945.4, 726.0, 953.5, 727.3, 1065.6, 917.6, 1068.1, 858.4, 884.9]
600     | [0, 0, 0, 0, 600, 0]   | [994.9, 945.3, 726.0, 953.4, 727.3, 1065.6, 916.1, 1073.1, 858.6, 884.8]
700     | [0, 0, 0, 0, 700, 0]   | [994.8, 945.4, 726.0, 953.6, 727.2, 1065.7, 914.4, 1077.3, 858.5, 884.9]
800     | [0, 0, 0, 0, 800, 0]   | [994.7, 945.5, 726.0, 953.6, 727.3, 1065.5, 911.3, 720.0, 858.6, 885.0]
900     | [0, 0, 0, 0, 900, 0]   | [994.8, 945.3, 726.0, 953.4, 727.3, 1065.6, 903.8, 720.4, 858.7, 884.8]
1000    | [0, 0, 0, 0, 1000, 0]  | [994.8, 945.4, 726.0, 953.4, 727.2, 1065.7, 894.0, 721.1, 858.7, 884.8]

=== sweep pinky (reg5); others held at 0 ===
target  | motor_pos[0..5]        | joint_angle_deg[0..9]
--------------------------------------------------------------------------------------------
0       | [0, 0, 0, 0, 137, 0]   | [994.8, 945.4, 726.0, 953.5, 727.1, 1065.6, 913.7, 1010.6, 858.5, 884.9]
100     | [0, 0, 0, 0, 0, 100]   | [994.8, 945.4, 725.9, 953.6, 727.0, 1065.6, 917.6, 1002.8, 858.7, 885.2]
200     | [0, 0, 0, 0, 0, 200]   | [994.8, 945.4, 726.0, 953.5, 727.0, 1065.6, 917.7, 1002.5, 857.6, 890.6]
300     | [0, 0, 0, 0, 0, 300]   | [994.8, 945.4, 725.9, 953.5, 727.0, 1065.6, 917.9, 1002.9, 856.9, 895.8]
400     | [0, 0, 0, 0, 0, 400]   | [994.8, 945.5, 726.0, 953.6, 727.0, 1065.6, 918.0, 1003.2, 856.8, 900.4]
500     | [0, 0, 0, 0, 0, 500]   | [994.8, 945.5, 726.0, 953.5, 727.0, 1065.6, 918.0, 1002.8, 855.1, 904.8]
600     | [0, 0, 0, 0, 0, 600]   | [994.8, 945.4, 725.9, 953.5, 727.0, 1065.6, 918.0, 1002.6, 852.3, 908.7]
700     | [0, 0, 0, 0, 0, 700]   | [994.8, 945.5, 726.0, 953.5, 727.0, 1065.7, 918.0, 1003.0, 846.8, 912.8]
800     | [0, 0, 0, 0, 0, 800]   | [994.8, 945.5, 725.9, 953.6, 727.0, 1065.6, 918.0, 1002.8, 824.8, 916.7]
900     | [0, 0, 0, 0, 0, 900]   | [994.8, 945.4, 725.9, 953.5, 727.0, 1065.6, 918.0, 1002.6, 768.1, 917.1]
1000    | [0, 0, 0, 0, 0, 1000]  | [994.8, 945.4, 725.9, 953.5, 727.0, 1065.7, 918.0, 1002.9, 741.8, 916.8]

relaxed all registers to 0.

================= SUMMARY (real register -> joint-angle ranges) =================
Each finger's joint angles live in joint_angle_deg slots 0..9; this shows which
slots each register drove and how far. Compare total real curl to the model.

  thumb_opp   : no joint-angle slot moved >= 5 deg (did the command land? check motor_pos tracked target)
  thumb_flex  : slot0 903..995 (92 deg); slot1 945..1048 (102 deg) | total moved = 194 deg
               motor_pos at target=1000 -> [0, 1000, 0, 0, 0, 0]
               model assumes 180 deg; real/model = 1.08 -> ~matches model 180 deg -> CAUSE (2): tip frames likely too long
  index       : slot2 724..1075 (351 deg); slot3 954..1072 (119 deg) | total moved = 470 deg
               motor_pos at target=1000 -> [0, 0, 1000, 0, 0, 0]
               model assumes 180 deg; real/model = 2.61 -> ~matches model 180 deg -> CAUSE (2): tip frames likely too long
  middle      : slot4 720..1070 (350 deg); slot5 724..1080 (356 deg) | total moved = 706 deg
               motor_pos at target=1000 -> [0, 0, 0, 1000, 0, 0]
               model assumes 180 deg; real/model = 3.92 -> ~matches model 180 deg -> CAUSE (2): tip frames likely too long
  ring        : slot5 1066..1072 (7 deg); slot6 894..918 (24 deg); slot7 720..1077 (357 deg) | total moved = 388 deg
               motor_pos at target=1000 -> [0, 0, 0, 0, 1000, 0]
               model assumes 180 deg; real/model = 2.16 -> ~matches model 180 deg -> CAUSE (2): tip frames likely too long
  pinky       : slot7 1002..1011 (8 deg); slot8 742..859 (117 deg); slot9 885..917 (32 deg) | total moved = 157 deg
               motor_pos at target=1000 -> [0, 0, 0, 0, 0, 1000]
               model assumes 180 deg; real/model = 0.87 -> ~matches model 180 deg -> CAUSE (2): tip frames likely too long

Next: if flex fingers show ~half the model's 180 deg, the URDF finger travel
(A+B) should shrink ~2x; if they match 180 deg, shorten the tip frames instead.
Re-run the pinch check after the fix: a pinch gesture should output ~thumb_opp=670  thumb_flex=679  index=869  (others 0).

PS C:\Users\77559\Desktop\rs485_te_ws\src\teleop> 